Tour Route 1 coordinates

185 260 Visitor Center
211 251
225 250
247 250
253 252
266 264
270 280 pause Dilophosaurus
273 284
289 300
305 317
313 330 pause Proceratosaurus
317 337
329 349
346 364
366 380
371 395
372 422
375 450
394 460
391 442
389 410
400 410
419 421
440 425
468 395
462 378
451 378
451 331
467 325
481 311
492 294 pause Baryonyx
501 274
504 253
491 239
482 217
458 203 pause Rex
422 197
421 187
423 167
415 150 pause trike
405 135
380 147
363 158
328 183 pause
288 210
269 236 pause
257 249
238 250
225 250
200 253
















