900,825 start position 1
+------segment1-----+
898,828
933,830
978,840
1018,872
1039,930
1066,958 dilo paddock position 1

+------segment2-----+
1086,978
1114,1009
1142,1038
1154,1056
1180,1088 procerat paddock position 1

+------segment3-----+
1196,1110
1230,1152
1247,1170
1271,1194
1304,1222
1345,1247
1361,1260
1382,1296
1385,1323
1387,1346
1389,1380
1393,1419
1396,1446
1396,1492
1398,1514
1412,1542
1432,1553
1461,1550
1467,1524
1459,1494
1449,1467 segisaurus paddock position 1

+------segment4-----+
1445,1454
1438,1425
1438,1405
1448,1375
1469,1364
1518,1382
1554,1396
1584,1401
1614,1401
1646,1400
1681,1395
1714,1391
1742,1377
1734,1345
1709,1322
1686,1298
1670,1278
1658,1254
1646,1221
1645,1193
1646,1162
1654,1133
1658,1111 route2 intersect

+------segment5-----+
1669,1103
1698,1094
1722,1075
1738,1061
1757,1038
1774,1019
1793,1010
1795,1002 baryonyx paddock position 1

+------segment6-----+
1802,986
1814,955
1824,929
1834,898
1842,867
1845,838
1834,815
1814,795
1797,782
1784,761
1778,733
1765,714
1741,699
1706,678
1674,666 rex paddock position 1

+------segment7-----+
1669,661
1654,640
1678,635
1710,633
1737,609
1754,580
1758,553
1756,515
1742,486 metricanth paddock position 1

+------segment8-----+
1728,464
1694,436
1662,409
1634,390
1602,368
1574,367
1546,383
1529,411 trike paddock position 1

+------segment9-----+
1504,429
1465,438
1428,455
1404,476
1377,501
1346,524
1312,549
1286,567
1256,589 herbivore paddock position 1

+------segment10-----+
1228,608
1190,625
1156,647
1126,676
1105,699
1082,724
1058,753
1042,777
1025,813
985,830
942,831
916,829
884,828 visitor center


"route1segmentBLANK":[
        {
            "xcoord": "",
            "ycoord": ""
        },
        {
            "xcoord": "",
            "ycoord": ""
        },
        {
            "xcoord": "",
            "ycoord": ""
        },
        {
            "xcoord": "",
            "ycoord": ""
        },
        {
            "xcoord": "",
            "ycoord": ""
        }]